267449852
2069272512
4070753344
1714071113
5763414441
3567108121
1261174072
1738158844
481131873
230940429
2051286667
1551780071
4185958219
2699273684
211521283
438094240
1331748302
1736216512
1117033221
353211892
336104951
1614695146
1498861912
329628546
530913767
5625350535
554952831
1723847019
994850681
736774576
441517160
932018732
1943106495
597251479
1171835360
328872767
1430646493
1390636128
5699886275
1651976328
2012535242
902382057
1577794636
436008312
1589089495
1141409129
490239300
1396038065
419256418
182143879
1091221355
6205477953
6751740716
2005140189
1060152084
2213431895
568221263
1441752404
1516712725
3436834888
4654638118
572140084
248985959
1232750293
208407863
1583322
781457650
4627312712
6354553246
2253415960
590597039
1237172972
2117222703
2223763124
376347378
296061354
634390128
1159286009
2073612393
1281055551
38133655
3198047
498274833
4095936560
1242924223
512755806
1904820176
939670786
626723228
1117834413
1588170905
654881125
475977983
1534350412
5341576270
1375652441
1321365154
6998414650
1142299949
1702860818
1280230476
1692243075
5327153377
1428323808
1157082060
221113488
3419537218
356989177
1115440790
1833432565
1510087158
98421
218463212
1929175930
1504857434
1199621090
5388570225
4613736785
1546424093
2301675469
2099784424
3930839708
570597
489692838
460325916
627016510
8134936755
1416619587
3968623251
2097967908
5384100434
1624438444
4279285217
184081326
2544421434
1645392501
278840044
714682575
385440899
2038587469
558693522
1524094491
1907739499
1406907386
1710463783
217129021
227024143
708522626
2109900142
632746792
1639198026
263735411
5497478947
1976585520
1275528292
1565586620
1663993604
1497847141
1544816229
993065405
506075574
1333910830
1344605705
1489618126
2363461584
539770093
789767052
1570807026
1561509191
5557701483
1766432232
4105717959
1589793066
503969685
1245973086
1395837809
3196429974
1177125735
1607390841
2553762809
7147287879
1645413651
1249864398
3260851660
7143293670
1442355825
4947315362
582176790
1342469014
1436019631
2260745822
2150920388
2085440606
4052985018
1699056891
2348356609
30319790
4369298084
2963407936
3571586140
1348197677
8272755101
1618616749
1701572733
2932472389
670230115
6747299180
45787912
2164024563
2190610796
1465304123
1829596541
3114451101
1263073416
351509497
272727190
1709284423
5999706582
4909283621
1273710112
451541363
1342587964
1643636853
5699768278
3017138102
1993674182
4215268072
367586782
1910752985
687163654
1247786245
1332414926
591707359
333518213
268937597
563611455
1335937427
3187067884
1116404072
6798691027
1649576453
2269912179
605993350
1623577070
285516099
3162769662
4475701104
6901522
657109901
1088649058
7369680
1603516347
4068176464
1332154327
8921988213
2520919679
1263532034
564850011
1966097855
6265778822
1524556541
1900631856
1685304345
6310658468
2273267867
1668562640
1511550562
4174808806
7013446859
1761320126
672857403
327388676
4074022161
576268045
7318435685
2660806299
1224078258
621573376
1496158867
1553410673
584704568
1066176109
1327679814
3716068882
1109068336
337424094
781459067
238674394
1645870206
1695095292
3078672390
1695213926
1144942191
1423478980
583868390
1978283118
1816724450
490261210
2117097565
183680767
1624128553
2150342746
2498887287
48231171
1336213005
2119536188
1588779551
18857744
1743653322
6641350810
7749158921
1059786747
1290414091
7829788
317518593
2046985173
1292260562
1069712478
1256089815
2936834884
2245825169
291524112
582355120
518510276
4388141480
1415565103
1691521731
443385430
349763271
3930768
664241232
1807048626
621083805
1475450267
1518691029
543679759
1962218285
537833784
3641747979
1584274147
1097628438
2300241350
2250901981
375415734
5455788820
1969359148
1118675322
2049489752
2005816313
515302943
3856223768
3572202580
48303808
1314698241
2097879081
1672237529
1096788977
2645753276
1995632351
1625326746
3924015242
2958342296
1447208764
239043482
1443657778
297968400
3665234054
1448925060
1705680416
3658434843
1826770293
3586295179
4039140964
2921806442
1579996631
899091824
624529186
4368703666
2193764751
1417292590
1963812353
2364349284
3247663279
1460924085
2229375666
4338257016
5429627946
2867794586
1442239306
242774592
838192355
619793961
1596508563
2366862217
1551988066
1125624610
826239812
2000093523
2147979619
254388026
1567102003
2059314623
1948354581
822862754
1580422525
3901047187
1524238699
3054277186
21055174
2077389671
1484708100
1829193535
1429500208
1042431203
589950198
1705376808
5864191288
1831344942
1279879955
1366238513
514262429
2340981060
1603837417
507494621
795083999
354510710
557109299
3062814758
4579871906
6680102026
3131980052
2808980618
6620720143
1093710523
2897610942
2315720227
337519973
1497802230
510102541
521518740
1488401270
4394704705
559632636
4108691899
2088000435
2218750746
2306971584
3981024547
2859663883
1709590496
6451488493
1479565755
2277041824
7468563172
1814487179
1724226645
1958046366
1540432864
546812806
599373784
145810786
3930074
640758451
295398808
1341747506
6440761723
2237542058
1837522394
1036520
615128778
1152290909
1528868915
1428573831
537376935
1438185099
3645633782
1449392648
7451221184
3627611240
1699156986
1389869282
679412788
287827237
580284793
1365301114
1420181744
371821271
2461592404
2660891808
1665718268
463532869
2236768167
370368609
4245161397
3046825416
6080936838
334473956
1643577836
3412286711
1130301176
1139362075
1422651373
4670954111
7360173885
1555241284
1133852658
4139965950
2000581738
3908142198
432815657
8235333690
1451076519
1026700619
2316792544
4545502854
1297859739
993252296
1282774726
6033743455
1742676918
1755083410
1300737090
5575940760
2784126317
1750328731
1225195885
611237901
2244837772
3509643190
5630534591
6869316741
1808024592
287268532
6267034972
2968192238
1272721791
1295328012
3583404604
3022227116
431186117
1136906400
5727081
1242275354
481373599
1430572664
1286594914
559143753
4257209883
5410226011
1219350402
571226759
1231948037
5554158378
480019300
1394833206
349651748
891627678
745458264
1325717965
3887414543
1515303874
1597139782
1903269697
1422260915
1984838208
2219770611
995699516
1956429650
1417597220
2253400343
1451501068
5495004
1778538847
940371766
1515611415
2206879090
440583957
2986157371
1444303605
1828750769
2425588467
488830235
2205870903
3046792247
292386749
3553028910
1789775093
964303270
1443545763
1237651
2994875453
1732520225
1728898926
292310104
1536287246
3160484288
196026651
1435794037
1338305795
1752626573
4139130578
1039820569
175213
457099655
1189311574
2289380699
1465370217
2083265399
17516771
523219664
1524888097
563948621
1478072208
650986775
4001958724
1720871
5597847958
3234649278
1947736605
969622888
1703743766
1498678638
4673516007
558786903
795049026
48238636
1543556095
1151487547
2988462558
1722987053
398063987
2859763804
4461850464
1411469483
989417123
3923024713
1867488
1352062529
1414872407
1420175159
1724655638
628478030
1664515475
1084258640
5791940908
2969430586
1572463879
987569160
1758800792
614645671
2217078863
1587587285
1212691
3960390241
1045376527
1535258897
401959
3293697224
1486234928
1715872918
1400389634
3126635093
3105929143
348523869
367689893
2082527919
1490292189
1622195959
3658174641
469708158
145434827
821965122
2983814995
1375734643
1428673519
2314013
3191776065
50908991
1766304994
1164860507
1490209749
1361871918
1687255383
528425447
3124647334
623302846
388030079
1643529489
496593278
5818027884
1794335244
1502683505
2073405263
5739515522
1566345454
1528907792
1201721571
2081150832
7199573256
1920695489
1542668015
5610040044
207021215
580820280
1463167222
2041611546
3994868532
384931160
3182839244
2255856277
1140635138
472962675
535808626
3606433872
1195398177
1363267329
1719608469
1542579215
1371652422
1518384026
2968273905
844601257
1523696969
350593414
1724980580
2312089122
3054429576
884663140
224624576
1610603531
3256948047
1283366624
401658593
5473308878
1912211741
1398063453
2118538739
1215823815
1800862967
6571833546
2866584825
1637960585
1718305119
1724953163
368694802
875551344
1368928285
2012705624
518937472
807750714
1222141847
6703848471
17497803
1611207627
1811438316
4229432394
862021817
2075732
1148309021
346398095
2305658320
1417024466
355379380
1573368382
5763462749
5777937285
1558086531
7421823630
1537167480
6784584162
1527931892
2157545596
642488331
8046956927
7866166688
1031073185
619536148
1549692418
980914
5386444512
777390978
419422797
1183950592
2977113815
335854732
7260503845
3148547856
256055541
1471427217
1992901944
534096584
262718822
1638063139
496758775
259393307
1413795405
1417187379
432351511
36847878
807079607
305961511
2905705687
1626396700
1642471407
2243379596
1436586286
1089894450
1288140070
344338506
35309977
3307153138
2233800893
3256826901
2229295662
1415634584
632001029
1148946393
1280750309
2134194677
293773035
472053782
1982357635
3232243067
1581157511
3086072888
7213146514
468834966
1631176206
1367881850
477137301
1718447901
1375435249
5916618576
1572422785
26928937
2275779957
3551005515
3696561305
1545802592
2307874198
5904108835
1974456050
488097731
1386021284
1620217634
1551843707
2148775851
2305850002
4517163804
1296409934
430651708
240335521
2349232391
5755582190
3954907899
1098627779
1102037062
2282555143
976231361
1649224312
197439338
1797229126
1195175163
1483090154
1069330194
271228807
3618627
1418548937
2250336073
1302829106
3026678032
931370323
11594754
6834059982
4338287270
1504321114
1284754841
4770693244
1103987070
1013702019
237778087
585856111
2197918000
2984572321
626451443
270440199
4985954097
2076737150
1029317
1604276177
2183188619
1495604957
1113855312
2680607079
4598381
1826828283
1835044602
1651834774
2057888640
2235466449
593645748
3108802598
1773891848
1778561244
2937494893
1605841591
416449211
1282690987
1100069174
2137177490
1596925360
1603712369
956500313
1111583656
186751907
528098127
491630966
5760897082
1627103
363964420
1702785502
1622353357
1417341766
2369750618
1626472076
3954577544
1528089988
17628690
3235284298
3315288972
405807597
1435386266
1966373096
1736099067
1481749559
596258599
4214884069
1528777095
1393437206
1398856935
492544569
1290447174
1649751237
4102248666
1437721724
2361243778
779970482
1931312838
1836642874
2018300372
1746262832
1467570297
1716141225
1751725889
402770250
1815407739
1608521866
655075320
595821582
1601010890
3900981326
338132571
44131610
587244726
51508799
579514689
968428334
10636279
1584621574
1305111274
1364200368
2066115766
3271288069
2245112009
1295930469
1474544086
8543504197
2545886538
1941243764
8417753744
963235594
5833454611
1528186987
415147582
1964848889
2212371405
552835574
2934620877
4153096970
1110964869
1565403424
1676107237
423613250
385583823
1346943947
299152592
2046068824
892456
1443290199
758564045
3677142164
1577662815
526182347
2945519491
1331072383
1678142693
3619559069
574561875
960991026
423837170
416770773
1351477310
3032776260
1539623229
1199027870
1393389869
1703456259
3553724234
2526829147
1816471303
5690656162
1787897605
1948133574
1785136140
1347250978
2125455631
1737562075
1647030025
618733873
1198257264
2144280
1959639849
336000853
4256038474
1541901060
1566201501
281627607
3231758844
637074315
368419830
1639117586
269806941
3723387805
3016266049
1327770417
2894598079
1633832613
3994019115
645316676
198017720
672348351
622507812
4229357225
668540050
1126102554
673517988
437352218
1673041186
556224258
352982169
3677566637
2158351228
741962691
4575564609
1602853277
1765597652
2207996647
6272399112
2043717725
942071281
711488610
4381021693
1196162748
1120882459
427121565
5489009861
2223038501
1446666965
2973591803
1704287651
519059170
1102578729
4175722938
1422397227
1456838060
1509930726
6387254227
1526034716
3968399999
2127013549
5647703324
4116931488
1117418768
1711005905
1481600654
320938676
6335513635
23210134
1563311383
253433661
777312127
4036913293
2366014136
8160585593
1210626277
3631002594
643370564
35490406
3025487017
3817568956
1759015
4498893113
1658910544
4283291025
3170769
4605749523
1344564521
1294416517
1988078167
604963899
3492430316
1052870137
414218205
546975293
1596218799
53304917
3501102297
4538507110
4577976547
3251384654
4279068059
3796169206
1998531289
1444880042
1275224268
931846675
1004767661
1711044724
3242470241
1945490113
308529052
496693413
1428750337
1211866118
1150496201
331076154
1193361764
1478841501
1721605836
1479567189
1523973111
3686011429
1214986877
2937072170
1613136027
293239381
1995648741
1994044922
353551136
2005422450
1764421226
1458767912
1430853182
291735706
40435038
214402141
1677618441
428966984
497931837
1614402754
1467056342
1312876928
846255523
2905008521
1247098251
682432146
2533160996
972913853
8167814923
794180208
14038532
1221027188
1728175537
1091623447
486786798
3065712376
1424995910
3287827708
1782546646
430281713
3285850241
6886663090
2110048673
14219329
3905366367
1421933016
225378028
1519865448
1284178925
1221742127
1967413751
1956609021
2051900071
2328011245
1799811158
4081713240
983386655
282897542
1714373812
1277308241
1227501415
1618876612
1420053704
1822488500
2451613747
1798905783
1406954586
1359859181
1305375485
847694291
2013133200
1455329191
3620288814
2236786887
760069553
3742568141
1512222312
939060264
1622454965
4244812573
428603932
598921840
282328391
1423793056
1799225773
1138435822
2158682314
6513691753
900525241
6425002684
681370256
1776881419
1933483060
1504404057
2802810632
310012282
281958009
3157723993
1455204354
2230091834
1910717467
1206504093
28190601
261610913
2056549720
523534148
1769815608
1558037061
1545664942
1343144053
2320471425
7324191275
1683315943
1251065855
1312152732
1170751930
2068847754
1362517308
3548644532
1069039483
554730453
478078516
5062009709
1714265890
1983718443
1176713513
1733821217
1203670766
938764217
539323924
1079594626
1803047971
1356708381
2007975659
1537764147
6271355976
1290831172
5922030
3103142031
328683869
1104140237
1017061479
1697480246
3006934433
1174620803
3164767909
1691178806
1550835603
1121222797
5873355397
2234870972
2239053092
690364521
6356475675
8265966715
634232226
2098150841
520792662
439387232
4164643039
3549287999
3177375489
342008350
6885583810
1023311539
1548513997
1340792586
2279880348
1518183792
1714602274
791726858
1340514242
1347287400
3966834630
6714963573
2935920508
331848998
2113094829
519846694
5402174182
366418703
2100465694
17021069
2055977410
1784005475
1522779242
2101611033
3059821910
3618178947
547419364
3600776158
351233677
1907925682
499352193
2165032006
7007281836
1396114181
2203549042
7414611123
2361303277
3885952272
2275847241
5404730707
1345772
1113074071
1365526769
1642310656
2010351445
5622060887
447112822
544581726
2284117781
822713212
648290781
3955217955
1096139505
4643605357
3990842348
374192912
591675851
1398563101
2309388661
286193111
1727686371
2769596013
1091890299
1811548503
2209429061
6233691828
272545532
2098891692
392298568
6252651978
284064448
1646386774
902066775
6929384049
1684931227
1951832449
969685895
3680144784
388319071
4196049665
464698238
2929696686
5050361605
1785133662
902555615
3442745307
2667583027
1368312273
1466308575
1568440057
2243374627
1465635489
1354127305
2239180925
5984869381
2021020590
3880478796
462221865
602789449
7618753316
7055066731
2034211119
1760339227
1432448278
2860713589
308548431
538834391
670118686
1257488929
485844400
504547915
3116158157
681786742
1673765202
3445385026
440634097
1771632841
1743085745
3683862632
1981709919
1787216762
3019567679
1691518189
592868699
364308648
1432685577
1442628544
6638062650
2212541981
2064342585
1412994949
1485826246
4518198513
1340406268
1131199
510002929
1903418364
1394483674
4032139967
644177787
5453712628
1188818982
4914294123
1684257568
1604415651
2207870202
3666448433
1990481722
711746146
1224206733
2074552884
2318962779
3431687363
2476664040
1611769004
1711932530
1462563318
3219478517
2037530714
1049794
3039751574
6067452948
3099060256
2369676185
2095969495
629516707
2221442064
1764181402
672427567
347078576
4414376780
2213138346
1589847688
1528155877
2045110704
1567451756
645594573
4099792982
923808650
643030794
252817311
2690641046
2089426031
475568113
606283065
1576846243
2150332555
780715933
1560919286
1293683533
289564046
1057684846
474058288
1628763278
2305510936
5959678053
4414796
3038496684
368580849
1747515374
4761037137
4222026006
1745483592
1633486198
2289635516
2903948719
3291020679
1291154483
1266637088
1542827533
13838267
479736181
5724427619
1011970985
1698976945
1776291530
1632308956
1528060926
271171948
1912377246
3520003707
851030770
1578583046
2245036437
1258215576
1529053165
1364898080
358072087
337324222
428996064
1420477547
512845009
6024406673
2116466203
3010797633
3556427557
315412879
1595793170
1117258699
2663883476
577454773
7152086561
5626122304
1495325449
560447820
597742826
626553708
6545366536
2307918203
4006847169
1422893694
1659220472
4933823980
3477235307
1198848137
1377270764
1901551330
4714739026
2345070949
1204518457
1561480959
1553881412
26296854
1779348778
307237310
1004783389
7755971005
1213162370
1682456508
2031356417
3733543427
993115456
1957576164
2342304456
2019418997
1172918950
1103530044
3295170896
1298258754
1453652844
1434624323
290009957
357675391
1954416689
14227707
1159014419
379016
3279307495
1431856622
3065394671
1987178022
3428701768
359472180
1312749603
574291872
3892111777
1930531530
1080116090
792294698
2580037
1600902272
1937709693
914520405
2235311952
7000092273
3131998959
291674601
1054483269
1327986461
3295935533
1672500196
413998850
1683917337
1417649965
7943474038
1388892351
1581123237
1510724936
2005894500
3420282006
1087146018
406560331
2949164518
1412862626
1911384609
2089634278
2284400246
4153790056
1513897399
2026764017
1240437319
1547259696
568863597
4296953976
1569756714
1023770470
281800037
1200694781
1244988
3440896124
1647236815
4101768196
361274844
45716323
2283321492
1005846674
2944075780
6050504215
3266503211
1575310968
1373231194
2024106848
1995366570
1775614650
1355755260
1653337846
5522534975
3024322258
541341979
3021748476
2222829892
5625272983
1287772992
2266958037
1479960034
1832941579
351629745
1158981684
1006025677
356967461
1434590186
7145827080
5901813309
3127278959
1557255851
2126489928
230380423
4928423480
3320507972
2338420786
1631924851
1006705738
2016223604
2058429921
1542645315
538913789
4030634548
4480414149
2014730473
560061302
2283795731
1916748877
1190067058
342629952
909501095
4031038932
3493885421
1773368927
6526009963
3016643006
1916520784
2519396218
1634977438
1509552668
17032350
1506057838
1963119906
4782242597
670476324
1430867102
742003003
725920553
2063437752
2272701732
785768130
1305152435
1737918018
1124272785
1615866406
4028860108
1433868505
4485797102
2651593
2190366222
1943428480
1160772648
7035942030
1517950749
1731132112
3932558006
1559577488
2240900473
1398259599
2061917714
616563095
2234248645
308003130
408723769
1265674499
544074752
1634483754
4460983075
1170466969
488801894
288956586
1807371027
1814484969
1234832303
5843512181
1105738939
478869642
3222394737
352330403
725257752
6708219718
2028319500
366042761
1489075163
984814333
3158907152
4139318520
3405786275
1185171924
1319419580
3917267141
254315815
2073549977
1323255221
1954846053
3025599782
969137136
2212548328
2031543311
1633790529
1502999608
4664672061
2969628724
1721687239
3117381904
2026134344
1646030515
3040999718
1574277442
1304685596
1657617517
5437537244
207511547
1194761259
2460196276
2313623541
1449626134
537303258
1332036223
6925474450
5667162338
5778078127
1404828089
2087496992
1401340202
542402451
367406068
1402860692
1524714048
3605798933
1705236247
230979719
1782013395
6193338225
1600188917
1475991505
1799759815
442235365
1329611358
1538059172
1512087757
1319875807
2692967477
4565594430
2209367093
2085245532
3189079696
4300270552
1381509421
3195500214
251458997
1423741268
2466952614
1444859761
1304326604
793305944
3200807430
585981481
2182799732
1083101440
3866476
2258877276
3722219725
1568218431
1228582611
2006040688
2973078320
1607747734
626869350
4711001936
207221940
5477990843
184486017
1558601708
6568118014
1432229800
1551251211
1188947994
1653862584
4118107113
1332084779
583969446
1016934881
1539144115
1223761252
1558141638
4553256734
1831357592
3683931
607209892
7553017513
415999024
3635550715
1545422547
1043765502
3154303676
1009453414
621950165
3546650767
307852171
538904407
540905116
2158773209
1547671650
408573990
991884330
3924452071
1271300930
2346155737
3069809384
2136229975
2267925445
4099185779
1975441938
5336532885
1024769
1413436026
558394481
1390828151
404097013
1438889653
2097037139
773341883
190884533
3165354746
5424881529
2920848392
3264476351
483128082
1493922
1260817061
4960600527
524619498
993459687
1050164650
2213138780
4105987031
2120271348
1425999535
1545009021
2809053127
233926943
973770997
2318128308
1551775683
3212090621
7339830439
646699136
1066396532
1972332426
1003147569
9283972244
1416541209
451119888
701452321
426149361
1307279064
455827485
5585964915
2011575078
1587262083
477277585
2200875236
3122662173
2916637
249409747
770485457
1329736363
2247300365
1513273395
1340040701
410636025
1431298347
1664362164
1677384856
462345478
1206663546
1353115356
571249580
1669957537
2047013772
225980187
1347938124
1281183074
4075707222
591181505
516692531
767647990
1332053452
21791727
17177763
1302366548
2583906111
2949337915
829048096
1212133541
2325201979
3161091252
2305849772
2200767892
258065130
2235608040
690907158
1121356816
1588830139
672675661
1135086045
1542337003
1421311831
603274948
1392249199
1411721852
1443457472
1935558559
1616854970
4260614419
4105380472
5365195858
49129727
1127248543
2131009
1456792968
1582163439
1726763304
6781587206
788498546
3879301836
308837781
3141928298
1136774639
8309616809
2285889645
996855200
1449141370
485655446
3263696480
1375381541
5586160065
2040245461
1792192646
1782153637
1497047691
639463740
313475487
13376109
1424853483
1253190207
5737852649
1319691961
1194790010
1307715170
1583570570
9310185670
655251509
3110832497
2214824857
1068467918
632397274
1445223225
4662086055
1620046046
1402004644
1784221342
5629109657
7982057394
3740006071
1039508847
5429162801
1305959789
790876718
4564534996
421248077
3059773934
1534286528
4052634620
1692386428
1564083095
873060057
8614747338
780945161
343471598
1646625347
6417111248
8900005591
