496847793
2138861909
1809313788
1342587964
2128952957
5782099623
628381405
1449440365
2141044249
1111235492
3984827283
2028851319
1135534030
4563824091
1387048006
975437758
736774576
7081712748
1420208303
558693522
3125871023
2495324977
584704568
2296786650
1588638498
2963637693
2227441052
1468577570
354510710
4826767
19984828
3990805500
3175496204
1111626430
1556083201
815308273
1438142999
550307381
1079901078
550539271
1574651949
492769414
3420080632
2228780785
1526142016
8134551486
7037404766
4568496058
1280973744
4677064999
1695241767
2283936854
3249674613
1333899143
4943603176
4987605571
3249221565
1465251729
2132733892
2238251907
4755609786
6208213388
3258071847
2682848
3967835779
1465635489
1489756957
5635435590
3120361187
1245914016
3544632565
2252383206
2050980509
5032046900
2326285773
4171509971
1921961918
2299702979
1704164533
1491664537
1180860681
561572329
494192265
3978770315
1142545494
1674895788
3420282006
478301178
2612124449
2326264484
1644323326
6724969522
3443210579
3468269202
1116086654
2460196276
1224659014
483435303
1250495502
1553776515
3252953356
5864108074
3666285924
2096897577
3241127796
4648635891
3264476351
9523392
3546650767
4032442318
1535462549
1912069245
8004845850
629716709
1435690551
932814413
3415193484
1646575125
1452610955
4511465310
1698820183
1293979190
1233433874
1490157929
3206639924
1530941238
4775289404
2171267145
386885366
1687154940
1550673295
279540885
24703251
1471054157
1549836456
1903215713
491423746
572539171
1955873532
1225911625
2200656447
6908256923
1441130399
194841359
2265009120
4711925921
766155114
520338427
2039559244
2225769254
1903356866
2021669557
1443805912
1113766404
1344605705
2112961870
2942576497
2930269506
1146227728
670230115
3131329710
1723513024
507503712
3076368425
3281933219
1100879091
891445140
401704343
1484461866
1106795805
1732403224
5703433850
3462837905
3966633836
2283914242
778053281
2541270125
5639831851
2972503568
2936834884
1470028908
6641350810
231136642
5655845649
356272401
508917243
5398908071
831853
3024261057
1826490384
2078305630
1646925143
1808024592
1677881058
2945460586
1757421752
2199071707
1700123337
4838531389
2221263644
3474484135
1815645785
3105929143
4025750641
1319411459
4015645828
1528843298
2313474607
2222792061
1275109845
2054890191
6703848471
2974673990
1944503963
1336209408
1545498367
1665770330
6094728967
193459975
527700632
222080214
267739895
2201960985
6967045153
2035644981
1700997029
4106240959
3512316303
1237325189
3002991466
3619559069
2210713538
1066095245
3597843616
939436741
1149654613
1557170861
1553982102
1902891226
1395292719
618733873
4038886
3641747979
2894598079
1497592484
1941611832
1192418609
5432813572
3137015463
2024297013
2523235220
1595281374
5384597897
1443293447
2068549992
4373366368
1989704551
8201364261
2955824881
1673966174
2952962910
2122952344
662050614
367227657
1395670987
1468830247
900452
2157388227
4360605722
512782373
1542412048
492340165
2107267851
1545415322
1420054845
1909415147
3674662607
1977864373
2574336244
2254489821
4682373005
2575157301
6322567246
646810281
474972139
5403314363
268445140
1583727395
2116573522
3086916083
3890427441
3961726279
5842214877
3476109749
3464863107
1506168454
1601711518
1922107020
1464938151
1730560991
5320862797
1309140223
600945584
1801471937
3085461159
4707012691
3619446223
4719806039
2307706953
5918923487
3957295930
6056653160
8232883863
348972305
3433957721
3024351523
1429812608
1550657001
1680008161
1313603141
1542827533
1125657739
1457212995
1995314427
2000899237
5668988231
8180409841
7755971005
2056300743
1125001904
757396001
956135540
2081474561
4554923959
2281291705
1407105864
1333473192
534843115
4029007640
6957861563
4058682602
3570158935
1416301611
1551775683
3314630817
756569169
626869350
3556769877
1348570099
1568559291
2032556984
3979480730
2983150021
2006736479
3016341486
2199859904
1506981928
4002095405
1159432872
3019173221
5501866713
1534519503
1169918891
2245818022
1484024711
408573990
5710838898
3104595791
969137136
1423321807
1055768968
5932309302
1785136140
887172602
847694291
690364521
1541272946
744412778
2243334743
1175873917
1253799063
1444379072
635904320
964395398
1245973086
2283180229
1508684330
1124545576
574008324
1403207873
3193597901
2893141632
1610650414
1573772588
1635665259
1477573522
1450679877
1589089495
1426299400
1241987
1569373724
3116242562
939670786
1123158667
182660066
3978025780
1375652441
1797705012
2108520503
2866051175
4631442641
3154118185
1350160623
3800127283
4455384114
1452308416
1708655017
3054460031
1319022040
5509320225
1692478005
2165755806
2948885484
1575605520
2006270931
3016493006
3232223068
2136338806
3513590990
3116298947
3545584507
1535232264
3318882734
299592655
1792867495
1475662837
3113681404
1792755071
1136819437
1904888830
1717615470
3164493475
3958572775
1992809011
1346485689
1647279110
2247778982
1573353675
2224048574
2312382003
1521964144
2878399703
3116189029
1499761088
1473753924
2235901556
7421180815
517091881
2010457990
2374351265
1413015367
1225227045
4679514779
3054083157
3580945426
2267847255
6392725690
2102506908
4339379799
1732191428
2066648497
3021203237
1687870663
600466700
993065405
1641318164
5845135353
1279303010
1760482800
3266499211
4364810599
1628158047
1587334735
4612048666
2301612572
2119975718
1749465870
2208806460
1728575253
2373304369
2952675678
2215819949
2253265480
1487911774
1591681905
3859555466
1908489726
3252685067
5675972727
1821874912
4460484578
2339680089
1922115878
1644940842
2253185230
217825699
1728232101
7443158516
2859534266
1501947397
6312426008
544659845
7968557728
1377184747
2016331165
2262914671
4716765200
2209387943
3322465961
2180410052
2560366945
1692605067
1553732477
2151004573
2136037831
2012689720
3153723459
3114451101
1933477753
18966030
1837578329
2958627130
1271154913
585926208
1103069553
1553659784
1662083160
4077355427
2805220097
1091258904
2272033514
3435541348
2281449682
4568822920
485384345
2688186139
2245017816
639364412
1314819845
2157626876
2253109437
1156109939
2026135357
1701572733
854731972
2208309649
1718567767
6470337631
3503771078
2036071377
2184367978
1929035737
1691118789
3059899509
2275026411
3086626512
2259117701
3163694510
2089906400
1407719647
1478797127
14678811827
8065951049
1438867303
1402530490
3195851613
7436849205
735938630
381119909
2104471035
1109068336
1395728310
1817806446
2942067116
3082115992
7504112439
4475701104
1737631020
1679389852
622361272
1766108524
7435796332
1559260250
2167309027
2139461567
181664578
5487801
1544427991
6727760972
2096959191
1816724450
1593801252
2082221960
5813832517
627214114
2860496920
1239659451
3455982615
2056694448
1579839464
2055067481
1565223385
4561865031
2918783733
8239769721
1430932390
2070719902
3405606
238674394
4978643735
664241232
229737310
2124405837
1056288053
547467689
588689297
6058814713
1369239811
1390678103
1677079519
48303808
1135851249
3004947653
1978487319
1751922815
1060739179
3251359794
5496950609
2752232
7626190491
3174773331
2112215946
2142152983
1239370174
1217941664
3119582087
1667679863
3220314549
3174440007
3246940068
1963812353
4338257016
5864191288
1961338187
4971243673
2229086225
2620686585
2154783609
2389803512
6272286738
143616807
3141506141
5532621860
4152505739
5680262318
1485638125
1995532542
1295099100
2180558720
1073480426
1457168000
2908233424
2165797685
5346556944
5496729376
2707504517
2306971584
3247663279
855923
3318791893
1833562763
2095414124
4487867128
1394833206
1833227180
4039066711
1996685980
3938620
6029990862
5433368392
49621495
1524024789
1565689059
3071850669
5765175663
832853404
3982526232
3086669032
5575940760
2012981959
1114979650
1825151247
3153895059
3049347614
7468563172
5853857862
1781194692
407874729
3642911111
2306117759
1584170356
2747306858
1110634732
3054277186
2237542058
2116311785
1150129265
5644256952
1133852658
1732028625
1051062497
2784126317
3153783843
2144262133
2094059670
3863831331
1430572664
1139362075
291844806
2253179281
1319593080
2262900705
4840096869
1148040470
6534201314
1732700662
448107
3675010278
335398307
4075781799
6950342264
3130240990
1966808101
1903269697
2933751987
2539050509
6453032568
1552921671
3119020650
2660891808
2294842498
1705763547
1941293795
535480041
2201324299
2860552700
1012959532
409863892
3559582332
2759762786
1417499902
1692227857
795049026
2159336022
5747210803
4282021905
4769958806
3160422963
6950237193
3975139713
3183665900
2315582663
1867488
2296429492
3141535909
4852957843
512499229
2285396283
3908142198
3016639970
2206077839
2717923591
1723198438
277461146
3320838293
3116515781
1375734643
3046792247
1766234026
1792527845
1686018466
3047987192
5530868929
2083492750
4980713940
2230137422
1939497009
2281241920
4116105704
3290159132
1474752320
492924811
1743030903
2436298208
1949519764
1582308940
3019618791
2110557142
1436958329
2047780709
1060602323
1717979581
1779366702
1325296081
1488051785
2233267136
3157885592
1724609043
3189145
1490209749
1527781930
5978582681
3182242371
1592329221
2934620877
962867
1659195428
1410544170
2303866794
2218550660
1702181743
2068897392
1729863474
1609992685
579601007
3756186623
7216214780
6504157926
7675498928
1189010326
2695656599
503797646
7260503845
3450966605
5843686342
3796169206
3152448626
2215772064
2243379596
4069555052
1250157857
3963048235
1750508055
1613136027
1474544086
5631546491
2125455631
4050180245
7943474038
1421188214
659468799
2459154121
1481600654
1472186460
1704287651
506421743
1425215426
1811362082
6074958734
637074315
4649689945
4369261808
1561570590
3114252756
983386655
1395505970
3251384654
3993511612
2976559339
44541542
2116872310
3062122833
1676436370
1720315917
3280001884
1111583656
6106722890
3182935335
11256237
1435386266
1998235945
1236296211
3548644532
1416676007
5883483122
1196162748
4138460618
2268277687
2462149303
741246019
635763839
983090569
3618178947
2095745092
3317767389
2263645105
2976185939
494595705
1399882447
1784315976
3625244736
934760950
3116158157
1388654666
3231832321
6768643806
1669781884
3152254780
1071075203
2544400681
2267508019
3019567679
217404969
1974405116
1425974118
1544511969
17021069
2228299619
1268439587
2015545912
6024406673
1697611604
6271355976
4217700052
1117258699
6344712859
1529053165
1368312273
1747515374
4016059776
7077706477
1204518457
2315381439
2101334583
2896504324
24723792
512845009
1268271083
2106204882
1552985621
606283065
1011970985
2451613747
1558329507
2307918203
500693925
1434786708
1564359068
3196624615
1525994807
1569756714
6929384049
1320709399
1686335300
672348351
1598511177
4816929829
3185373322
1772477169
1282242239
1559393802
4118107113
1692885184
1228720149
3131625061
1604415651
1222769194
13021088
2870438183
5983666317
11855596
1516977049
523785901
2165080339
2972900644
1355755260
2240900473
1818612118
1738293563
8092436440
1901551330
1620885524
4471321998
1649964280
2212548328
747048807
1525561132
1623576872
4134459604
1964091676
1384491614
1061302123
2989252165
3195500214
1920440302
1727327940
8303456049
1451308846
5669530380
1287772992
1438889653
2956962746
2016223604
2002540750
1282690987
2247432910
1436722433
465002887
450434357
556423886
1801374046
3763763466
1003147569
1401340202
1136774639
2262693393
654779324
2873637994
2046104582
1743939376
1019807545
3555704277
4878239091
1991246398
2200875236
5019070840
1376530231
1699266204
1615722689
522458576
3701775041
1445890106
4553256734
40063280
2308157080
3515918033
1615045114
230979719
3271460017
2110825905
1658786074
2129549581
1915723605
2028539869
2254492495
1279113761
2063536352
4068614425
2101043981
1545561812
2957173288
1412866908
1797923151
1944319925
1494931896
2957462435
2309420715
1832658456
2158702666
1510110491
1828727930
2018370619
3504184985
499716670
5467197428
329359621
2157792121
1553410673
1525745347
1637554277
2165333436
4898930412
2253256863
4039140964
4865290926
339278920
4792639938
292475133
341200542
6680102026
7988032109
822862754
3062814758
1420755353
1692452531
8140339648
3457108921
2126012172
1367663503
2332387186
592721869
8473813895
1535280090
1696594659
19194108
609612262
993252296
3310689061
1076507862
4208486982
1310089625
2257130845
995699516
2148803134
1397414995
3189749119
4576971596
1732520225
4515202573
5321333841
1212691
4068716104
3141014262
1549761567
221208589
518554957
3056273511
4555135378
1957006977
2075732
2942921174
532900066
4080379289
2275779957
964103888
348952225
1436596138
5392246553
2815450
8495671345
628478030
989417123
2973591803
331848998
522718403
562954335
1658910544
6810759968
5562158859
1443290199
2010717457
1307431762
3129900800
1228467688
2099867873
38537906
6106411464
5449541
3991927582
1526761207
3182769660
2235311952
1052381663
1501679915
2871939192
3099060256
3231368324
6638539442
1545422547
2320599382
1127248543
672353852
4105380472
1810029546
7063220
9390498885
9124544183
4035085272
4069709607
3182369638
993128282
1918443655
7525134990
1437632370
1620046046
1534286528
5583107928
4274001029
3035805575
5917530667
9283972244
8172374604
2279210446
2069291132
2989460617
7103456236
3465498986
1647955933
2534155991
1152432485
3448394662
2247240099
519283138
1508815402
1529130778
1964870974
3189722023
1411694951
1684690272
8192180761
1062570366
7804405121
5467814096
7154885814
3274491595
686071070
48697837
2940820929
3924358554
7312576157
727851602
4142389004
1769871877
5892540223
475641657
4093650884
3472518877
5340046545
308837781
1339910258
9232309148
668195551
1096692428
1140314564
1347577453
1470341379
4150611738
5570700622
3952883935
1451898658
2231775711
3899450940
1416320095
1425863499
2936907596
8123304146
4054361112
2244708583
1279174872
8072446003
1947924776
1430723429
1011750270
1246940105
1332392683
6646504267
4237026233
3947708190
1004064532
491372553
1400479699
4172667488
482745443
899091824
1609013260
376411495
420168866
7313160
902382057
1390754063
460490422
1710463783
546217946
4215268072
1273684715
570099280
5359370542
1467372178
1373700935
674844063
48238636
1577301021
1931807722
2100694905
3539991
1679426745
1347287400
3978047894
1340512291
1727162331
2305510936
4763858157
2043948057
2258877276
1673989498
1902134215
2295602826
287827237
1504000776
178551576
1528089988
1192733712
823220171
1742751371
1645413651
525843723
2960343232
1287462320
2263755870
474109664
1709296741
993160076
665872155
1515626134
1448172749
2875992430
4661844848
1006751878
1762013369
1733373697
3182839244
17628690
3081947631
1625966954
3191160011
1741410025
261610913
3432224055
3943645347
3926037826
698592587
1530948077
2061513513
4420520220
1456792968
799183294
5656416706
4254369547
648699099
1528777095
11341680
1582037720
4188565892
3735886034
8433860190
1427633961
592977611
1542499249
1355658561
1290447174
8046956927
7741556575
51531503
2154448610
2065647654
3493885421
5404730707
4157560205
1479433973
991884330
1120729611
1550696704
1509993415
1365141338
1460360096
6192537507
7267787515
33004667
2976770122
2042432670
2315079652
3328307
602789449
1024847
6710680265
3096971680
1385834779
301432357
3082850423
252963503
1483918031
2892920838
3350575
1419342639
2255763484
561374912
533260697
544169933
812567557
1444264834
572095928
3140792962
5557510389
2157276325
5619841461
3934829533
1473157894
1162795301
1429907480
6727067624
445390786
2255749184
4638598882
1805368032
1428349864
1523629029
1958727805
2348130737
1438883667
1354132413
4174808806
4033799859
2270678159
4544971386
2117097565
490261210
435995416
286612205
1529298479
1792686090
264332687
567092774
1484330073
1305444731
398704373
1103484700
628768424
1813855908
342052104
1287966030
3032900969
644070794
1284223100
3081883422
292979281
2271087931
521518740
450497057
3131980052
10324503
4139965950
1653126294
626268215
561895062
1393834197
1728898926
3126635093
2233727476
675544005
861584623
650986775
539105421
2068158121
518937472
884663140
488097731
3176851478
2072918551
1035469171
1032742445
5852453086
2145917482
1521603448
1419876658
1426268738
554970366
502767430
561751686
2992005292
4229357225
5535129648
1570923213
528098127
3954577544
3905366367
6117487042
1228607422
1677618441
5372810276
1031613261
5922055741
4051032650
510002929
599588724
1387554362
1071493999
1640973570
5833454611
1198848137
9127006
1443620528
762727898
1910907367
1426211960
583817026
7013013034
646823405
1009453414
144872470
1558037061
5168539
1417204202
1781870723
1584696119
429238987
544074752
573999530
3005482636
1693421827
361014008
1355461149
4765027010
2024851257
1170466969
2346155737
315984750
3143803090
1645392501
3510977527
1424233172
520177858
1643933851
1689323023
993491907
791032582
6310658468
645514461
2180500524
18168257
257175312
1671616567
548843693
207021215
362939888
1503619838
976231361
514149046
1444880042
790959878
336708378
595821582
6545366536
3279307495
603274948
1542337003
2175474914
5647703324
1649677346
512020365
1441415278
313475487
1131199
2920773739
2229870103
908562684
1621869650
2980963537
1332032314
1653665317
869934285
674963637
275926895
5422594716
1417024466
432834627
498274833
1049924391
4146594124
1381180213
1746553657
1919699697
2447792874
2105418820
462345478
797344989
1076572542
3318733856
3445725082
256071482
363964420
2261215463
4663041667
1188818982
359472180
1158263627
1907222619
1587262083
2002490424
2809053127
366697977
4103319013
1518621006
1393091634
1445723619
