548710091
3246940068
7031885194
3003585709
1268069658
5315504419
2218550660
1426268738
1618264806
1900760638
5062009709
646748795
2204255326
1773297270
2282596268
1086313187
42873193
506084014
4020871277
3685614769
1999497300
1681367137
2501907117
2495389957
1935116155
3441055803
4033799859
1128890306
2492517371
1535612487
4086108541
1542416211
1419517038
2265103277
4290457671
1507703025
4980713940
2090669012
1661643758
4985954097
1434653968
443079375
4450043341
1387488387
2282686724
858686652
1691329331
1948514181
1726465750
1530892005
1458482556
3006934433
3021276744
5509577205
6729873216
1759876240
4292020971
451680195
1524603147
3231758844
635658488
1693324490
1989644989
1535484509
1820496795
2077755905
1458491446
1319593080
3268067386
4770197979
6050469289
5614316282
4770338942
1437914270
2993673303
4473415755
1700022833
1126679744
2251943738
6821367489
1801889470
3000155583
1723155499
1693680926
2051900071
430625429
1557083790
5359936633
6177411396
2972461270
1745483592
1744210359
1312749603
