1456357618
6802927649
573847572
4364033900
1263250044
1463779577
576268045
510801969
2262277653
435995416
3627611240
1031557998
1424814409
1161063667
1140635138
600428688
1155233758
554796718
1115010664
1638459089
1449520274
1784554512
2735183412
379109633
1130009360
2267008
3941518403
2361243778
1940982026
1698892283
2091939455
399292284
1297179997
777312127
522743136
475061968
2021020590
8534420
1512222312
1228014828
1611769004
1583446300
2022078795
1451343936
902066775
1215913436
5901813309
690713751
1310837388
1718451981
1589929603
1548615835
2459409805
811181120
8575286
183583713
3455782163
375639361
1291127168
1733174723
1095332535
931370323
1396024297
496763789
1614402754
2354243772
470195788
181601269
1228226009
4833310671
457925361
1447933868
1997085865
1515470425
220003305
344253504
417861536
6777496012
3567108121
1577496884
481131873
370080040
1551780071
1517750525
423430498
1432178978
617194583
864832008
572332018
963487342
511415708
331037905
1921510464
182143879
694442706
3899545370
1508863349
402731746
509778305
1422073703
573614721
1275528292
1222423954
632746792
500880322
263735411
1492353380
3314481266
509003585
1512802110
539770093
300506709
528176197
1087519102
1544816229
358186568
493833040
2243588777
790468442
1340572089
1482735015
1492213224
3606435328
778394236
2262606384
1724561247
569096447
1772227551
366843496
602314170
1987962901
1693751230
2147682850
434714032
2136437436
2046843024
1393093167
1706410909
6207281102
781459067
368330205
471988217
515302943
447377042
283133389
5356470399
3658434843
387309360
1046304408
1921345330
2960119251
619021558
2023945605
2965719940
3038056404
536315437
1646260574
1252871559
1217941664
861030844
439631746
5401880302
1671503299
397316807
429129257
1366238513
6123819113
1003928497
1306232415
325703613
525819544
1673402417
712868451
2255802751
1198423868
1530894884
1118483108
323211065
1225602091
2121749633
1559188859
1460204468
527532155
1906083873
5639992
523417608
1093910208
552763696
1783697357
610716492
1365066477
645988937
448674176
2892926946
2096469019
401959
52238760
1398416
1079025100
1450624937
2932015230
1338305795
348781217
1097361374
1709284423
411028572
276231313
1690079572
1008266066
1956429650
418082182
652935143
2706159
470407196
1530439908
369006576
3042930367
593980151
1646594053
1653275763
1578673616
3193668648
482837072
565726061
613443143
596701416
1649224312
980177231
4043332526
256055541
1642332536
393753888
38976192
1582005259
1473586354
4863697480
9041950476
1483092537
1793599562
1658066338
4980622817
1535420218
1757728510
3905721379
630068237
1577662815
327696518
672769218
2103842558
392015451
1032202132
499739882
1098627779
8458349
1559965351
362772748
1734000194
579601007
1773891848
430888767
476310463
2983298709
1835821729
1542668015
1060644185
352982169
804050931
1805100870
2859376984
4355711058
5651553072
2245844628
5754921621
2322737282
1117418768
279582262
1113074071
1415845041
3598176767
1087811383
1327706550
1387595773
1454562955
794180208
2660990476
7426270987
1126268922
1475848065
668325123
1509601143
8374221879
612613526
1443381430
508477877
3464894070
2767657268
1537167480
346237609
487589583
1417242924
604963899
4724887983
1450578929
2320471425
4511272493
926664164
532647586
1312152732
1397936275
1441930650
1745642255
402992475
3885952272
1764960928
1319173447
1194760301
454177222
1327986461
1276880259
3520852821
2965247994
1146486189
1711044724
5652638714
892647554
1524760861
761803481
6729940362
635763839
381766544
1767833988
1023311539
1341252775
3415744882
1399882447
1553848624
1421145827
1508333061
533608347
373906644
1260230730
3041164749
2212594865
5401011948
1071075203
576985474
1555015548
379129506
2149122959
4234714022
1309766927
2030364631
1939668072
1401995764
1536437841
2265378861
1561536709
416549763
2282678475
368490942
1287398941
803929671
1977758173
1688341943
1410531882
4092059555
1547793860
2319212788
1479105567
1581964362
3917888616
1648399060
1615630915
513240618
1436722395
1333515914
1414422290
5823220221
681807399
4155014752
1966583274
1234278616
1205312304
3040031971
1211866118
4649893934
1712468822
6096084526
572239356
1573138973
490422700
513054168
1257307434
597742826
500693925
579272105
3116214193
2713897976
538307538
2197158653
1433524993
1819988730
1483930224
1778762010
5368761102
1673664121
1604974201
2946075636
1340194565
585981481
2252094711
1327770417
2005894500
2946083872
1221027188
1968840514
1792458537
5241191639
683651404
792706615
773341883
1650535020
13573687
477328383
1601067584
4169238518
1560106453
726770101
1605429606
2070621605
537303258
1475763935
362690307
1562145368
1651957095
233894647
1700300828
145620783
1449626134
1358039941
1683261483
2309048859
827223892
4238525628
1123776811
1550867376
1384491614
6854602322
1161075815
1920440302
2298664704
3677142164
3121594113
1039029482
4904773889
1432838592
2108842912
1714695811
189764506
1430593978
2022159201
1801640202
1902134215
410117788
505438695
4370101518
4116706507
829048096
2362747850
1689953323
742003003
547065617
339960459
3287144639
4677159355
403728952
5873355397
2254849562
900269739
354856993
1974981447
1188947994
1418322409
1456792968
1591200674
1697625027
1821842678
1782153637
2097037139
721564002
1651827716
1428391080
4345620310
979736948
1913571368
2165037593
3254054472
3132839871
562865593
1300058864
2136149884
3005354177
2497498335
1938273509
576081283
954203437
1722889845
196304209
1779101481
4584167265
528417045
6340188780
1194648671
1508959757
1639770065
837969443
5534948195
1524726353
1338753147
1650837193
607925167
2167299176
782716614
1548510568
526488143
2364066566
491630966
293773035
591046928
1154846349
1101468990
513044405
794954680
4128974606
3016643006
1083101440
1329736363
1534286528
258065130
2235608040
574291872
606310502
5429162801
3673073204
2324547232
1695560016
580305463
528213557
1239731463
691173715
451956823
508938280
1511910614
1142089127
804126169
1100549706
368387259
3837496565
624325082
1089556001
1212546043
1221935699
2166078509
371606679
227025380
1551988066
196801287
1167687038
405091478
523486959
1055484396
1335925815
30396974
442341043
352946543
596824100
556447482
1998198800
1683305978
1013702019
2544421434
621324697
1925326280
1563418946
1419433622
4270767453
2253415960
1710463783
448671010
1429907480
3086626512
1094281239
3689362568
1724796833
2277910189
521518740
1947736605
1390434363
1720871
704911384
943367181
1352062529
1471508148
1408061070
185395244
2039224801
417551021
565634987
1474663310
1464110096
1331548796
1438777310
1591403231
2247892943
239946854
2134188327
1349473739
2293663413
942071281
2969628724
1764417584
3019567679
1980818746
2136861786
1123896762
352230669
2031356417
437352218
765986926
1603698548
2222313354
1582901641
5468515426
4645838938
353819771
1266564240
580701835
3320507972
1649346997
1258143705
450434357
602484586
495383109
1576327633
700774418
931846675
608164465
1816471303
313475487
2140672013
2284017707
425940743
488336417
4209619522
241111395
2963407936
1100428108
1705673655
1435624235
37505233
1245419639
1265674499
1429811524
427211861
3259844324
2699273684
1117033221
994850681
1534440140
1991091439
1707292367
1264817263
3436834888
1241987
1510087158
417959639
2117222703
6114468708
1381918909
1342469014
5818689640
1115197232
1415374204
344432936
3930839708
712739754
645929331
1239504437
621083805
198786159
1978544077
4708271189
8240313956
2981162518
335398307
1295328012
1042431203
940371766
3415690930
583613029
1643529489
330514432
297968400
539918278
1451495106
2219770611
777390978
1138425724
1604326578
728580190
4676223497
1418548937
1354778108
2068897392
1670736993
1432487011
1094810335
1398563101
5610040044
367756114
1416676007
544581726
1570904565
1682456508
1388654666
1260631982
440634097
1410982713
1661672218
828184595
1999891177
539090938
1369099602
1634977438
1945618405
1136774639
1251585266
643030794
597251479
2197885858
1904820176
365457506
6310658468
569289913
1232750293
532900066
628478030
1515002399
332479294
435869512
1416541209
1420412655
789229974
1154505260
1545436169
314057076
1649576453
6240247177
493111979
201380286
1647963704
817056938
2143333681
3194752
2019454787
215378082
765942601
578903153
4480414149
2239336008
1591430188
997729
4827677474
341256537
1180412547
1261320668
1677384856
573929918
319745426
1419068617
411723276
430827722
4642914967
1473753924
2117097565
2808980618
1203694181
855923
4139965950
4786507118
1724609043
4330764576
1386407632
1509993415
654881125
749317879
7751878902
1574232561
261610913
1563687131
1401477418
1373231194
1697862539
1653337846
5620610542
1535280090
1760287246
217848473
823220171
4241093477
305278472
2494123960
1426299400
3116242562
1123158667
182660066
3978025780
2108520503
2866051175
4631442641
3154118185
2265009120
1452308416
1708655017
1319022040
5509320225
1692478005
2006270931
4711925921
3016493006
3232223068
3116298947
1535232264
299592655
2039559244
3113681404
1904888830
3164493475
3958572775
1346485689
1647279110
1521964144
2021669557
3116189029
2010457990
2374351265
4679514779
3054083157
2267847255
2102506908
3021203237
600466700
993065405
1760482800
1628158047
4612048666
2119975718
1749465870
2208806460
2952675678
2253265480
1487911774
3125871023
3859555466
3252685067
5675972727
1821874912
2942576497
1498757418
7443158516
1146227728
2859534266
544659845
2016331165
2262914671
4716765200
2209387943
2180410052
2560366945
1553732477
2151004573
3131329710
3114451101
18966030
1837578329
585926208
1103069553
1553659784
1662083160
4077355427
1091258904
2281449682
2245017816
639364412
1314819845
1156109939
1701572733
854731972
6470337631
1342587964
1407719647
1428349864
1478797127
1438867303
1402530490
381119909
1106795805
1109068336
1395728310
2942067116
4475701104
1679389852
622361272
5703433850
1766108524
7435796332
1559260250
2139461567
181664578
5487801
4369158334
2096959191
1816724450
2082221960
5813832517
2056694448
1579839464
1128890306
2918783733
2124405837
1369239811
1390678103
48303808
370823287
1135851249
3004947653
1978487319
1060739179
3251359794
5496950609
7626190491
3119582087
3126219395
1963812353
6272286738
3141506141
5532621860
5680262318
1457168000
2908233424
2165797685
2306971584
3247663279
3318791893
1958046366
356272401
2095414124
1996685980
3938620
5433368392
1524024789
1603837417
1565689059
993160076
2062667225
5765175663
10324503
3049347614
7468563172
5853857862
1781194692
354510710
2306117759
1584170356
2747306858
3054277186
2116311785
1133852658
3153783843
3863831331
1430572664
906904277
1148040470
448107
6950342264
1903269697
1460836465
2539050509
1393834197
6453032568
2294842498
1705763547
1189311574
2201324299
2860552700
1012959532
3559582332
1417499902
1692227857
795049026
2159336022
3160422963
6950237193
3105929143
969622888
4852957843
631040580
3016639970
1723198438
3320838293
3116515781
3046792247
7451221184
2230137422
2875992430
2281241920
1949519764
1436958329
2993198200
3209574424
1717979581
1088417017
1325296081
1488051785
4467506521
5978582681
3182242371
2934620877
1410544170
1609992685
2143606629
2695656599
503797646
1722256431
771965359
3152448626
1496886777
2125455631
1448360945
659468799
1481600654
1422325941
1425215426
6074958734
4608575842
1356708381
6106722890
3182935335
1998235945
1236296211
5883483122
4138460618
1300768093
2082160528
3618178947
3317767389
934760950
3116158157
2871875433
3231832321
1741410025
1726465750
2065647654
217404969
3152033588
3247047607
2015545912
1117258699
6344712859
2903948719
2315381439
4146594124
1011970985
2307918203
1434786708
1320709399
3538755224
512922658
1772477169
1282242239
1005221179
1901823227
351629745
3131625061
13021088
1158263627
1818612118
1738293563
8092436440
1724273172
1559577488
1525561132
1061302123
3195500214
534843115
1801374046
1003147569
5629737398
2200875236
1615722689
607209892
1550673295
40063280
1779348778
3176243243
3057764729
334126572
4719178931
2016264755
3271460017
2129549581
1915723605
2028539869
2254492495
2063536352
4068614425
2957173288
1412866908
2957462435
2309420715
1832658456
1912069245
1510110491
2018370619
499716670
1553410673
1525745347
1637554277
2165333436
4898930412
5320010842
4865290926
339278920
4792639938
292475133
341200542
6680102026
822862754
8140339648
3457108921
2332387186
1076507862
1310089625
1397414995
3189749119
1732520225
1212691
1549761567
518554957
3056273511
4555135378
2002490424
964103888
2815450
8495671345
2973591803
522718403
1228467688
3053742810
2809053127
3991927582
2235311952
1052381663
6638539442
1127248543
4035085272
2131009
4069709607
1918443655
3452121772
1620046046
3035805575
1163821014
5917530667
9283972244
8172374604
2279210446
7103456236
1529130778
1518621006
1062570366
7804405121
5467814096
7154885814
3735886034
48697837
4142389004
3472518877
1339910258
668195551
1096692428
2231775711
491372553
628768424
2147979619
2001250836
654761483
1086313187
1385834779
3446088299
1614001745
2503907433
4020871277
525843723
558129877
232890971
1483918031
2892920838
1419342639
708522626
1792755071
533260697
506075574
544169933
812567557
6392725690
572095928
217825699
5557510389
2157276325
5619841461
1473157894
1162795301
445390786
2255749184
1542499249
4638598882
1100879091
1958727805
1438883667
4033799859
4544971386
1900631856
490261210
286612205
718865902
264332687
4540311981
6058814713
567092774
1484330073
3174773331
1305444731
398704373
1103484700
2729817
366468141
1591079432
1591565011
3032900969
644070794
1284223100
3081883422
2058400305
292979281
521685611
450497057
1093710523
626268215
1526836287
3126635093
650986775
4282021905
1145990824
539105421
518937472
488097731
1521716369
3229888
2315079652
3176851478
1035469171
5852453086
1490209749
4064709145
1237180966
1556935853
1561458502
554970366
502767430
561751686
1583307281
214215744
528098127
3905366367
5542331691
1677618441
1031613261
5922055741
1510125336
554730453
4051032650
510002929
486786798
1589977253
1071493999
1640973570
1331612780
4538507110
1702785502
762727898
585708725
1910907367
1414311782
646823405
822713212
362761739
144872470
1323255221
1417204202
8822179
1781870723
1028412581
7317394544
1807371027
1287772992
1512087757
5424881529
10781261
1170466969
457854077
2346155737
1016934881
5656416706
3143803090
1545561812
3510977527
520177858
1643933851
1689323023
993491907
711486125
645514461
257175312
1671616567
548843693
4068716104
1585093
207021215
362939888
1503619838
619536148
976231361
790959878
336708378
6545366536
603274948
1542337003
1441415278
308003130
1302366548
7369116598
1131199
3740006071
8886821667
532717146
908562684
1416320095
2731931832
704111925
8424236921
504803384
198821612
529530393
1653665317
2244708583
869934285
271654400
5699768278
1489086084
419256418
490239300
1302284416
1431781391
709090780
1403325955
7885672603
474295481
238674394
513634305
479198094
1837522394
828620571
3658174641
2307327386
4661844848
1165332913
17628690
256086839
1379051241
3617853144
1130661693
1538366956
566666869
858686652
1111583656
2378633830
417900277
2110358421
3994019115
3700331812
3911729484
1801209612
1927215950
337324222
758564045
1824208002
4153790056
791702
1069962731
4174728577
1282280738
648699099
630968633
1942299214
4188565892
1340654799
1401294208
437412270
1696711367
1453021238
842742974
7521252814
4610444287
1434590186
3963048235
2260745822
4797965747
4298453275
1730986371
3250075240
207221940
260711157
2435217282
275926895
1557393966
1530948077
1734164047
1810137805
1627103
1458767912
4116931488
1344636692
6731722591
3926037826
478301178
2043948057
4182706980
2250764776
1380135931
366042761
2345874898
408800218
5589487694
12586115
1972486686
508829498
1072157942
1554435575
1447980278
1588779551
1664515475
853339441
1802335743
3321881997
2076178019
2277082104
2204255326
8480009135
587017820
