2098491366
1600706505
4001958724
2281817299
1240077993
908449818
1948535375
1615912588
2011443052
1599514119
1205685781
5630534591
1795359340
772166666
2273345503
7697575787
4414376780
2108658399
2209367093
1584443058
443603926
1455393947
2752232
393120301
3190761272
4084801557
1797411877
4116931488
1004783389
2127963023
284064448
3035009853
1786254806
1775688662
1369934164
1498476114
1056805281
401223649
189915775
1493922
2158773209
1610244867
1545009021
3409028371
474058288
4102308276
1784883823
1753882498
4160527685
5766531633
1542478395
1434682030
1594233039
8358339
5344552260
3024937724
3024919100
1278174377
1823782467
1422036962
1983726793
3113447387
2201236007
2238028661
1593915573
1567620558
956630572
1923094565
1246104161
4629912292
4631621884
3038066897
2227724342
1984000892
4353344772
3133563724
2113264892
1811438316
2038481603
1725878953
2313610176
1237168775
1100908819
8160585593
1545702870
1583099796
1631065894
1961482897
1596642616
4761037137
975797863
3817568956
367406068
1940133370
3248995024
1582150233
984259207
1971036735
2165325288
4180761929
4176835761
5570854719
2091014298
2313613481
3054340756
6027733981
4054785618
1423116818
649874145
2281160590
1549741247
35309977
2113376932
3978990562
1654668268
7422406564
2209953727
4767575915
1507306112
3956175510
1136408230
3176151792
1329765
1694849060
6079059836
1538473733
1396038065
2782070
789767052
1692842387
2101958612
1650498918
575480539
3249345833
10925463
1366685546
12122446
2111941360
3179878368
1599559121
665567564
833394896
1790280135
4178188280
1686335300
3011114671
1554501414
1602312806
581829072
2100377246
5336532885
1237651
1616311442
3626780416
8125309861
1429345469
1359859181
1214918401
2502868235
1631871209
5857343173
207781
4627931304
5747148319
1768667736
1415531395
1136547784
1410303962
3150325544
4525841870
608712565
2348296054
5571221960
3436909697
1526481057
1194643573
739723509
3619008636
2035567414
1728575253
1908489726
2275026411
1723466548
2055067481
1535612487
2389803512
3196331869
1168303506
1495017208
993160076
3153895059
1923255862
1430572664
2928935239
2340981060
535808626
3231564687
1705336954
3290159132
1685665179
2233267136
8417753744
402770250
1545802592
1325890592
2459154121
5329374913
3138045154
2018300372
1683315943
2237020989
1470528603
1816767541
1767750097
3302829093
3152254780
1420477547
4256038474
2318962779
3431687363
2067402289
2095052310
1614105295
3267726017
3918311604
622507812
1540180217
1029317
4033019865
2082501631
3032299214
2949337915
1287772992
1515717743
9085515
7063220
2206842929
4241093477
2228765014
7850648938
3035805575
6266824770
2040657363
7866166688
7288876162
1386407632
2940820929
387693406
3924358554
6710680265
1417310606
1550696704
4618089431
8123304146
22268915
5061662007
1279174872
8072446003
2929666054
8748070682
1460360096
1521642286
1004064532
7279859538
1251050607
334212990
253947028
2918783733
2165797685
1833562763
3492432256
2315079652
4499054505
1469848196
3243909824
1602235086
4188565892
1509993415
5553078762
1942620905
1432178978
2321383525
2088304903
4091114268
1426299400
1569373724
1383106421
1701145971
1350160623
3262810259
5509320225
4711925921
3232223068
3513590990
4735792070
3116298947
3545584507
3113681404
4204446096
3164493475
2247778982
1573353675
2224048574
1281238401
4735769041
1687870663
5845135353
1760482800
4612048666
1821874912
4460484578
2209447843
3414376584
7443158516
7968557728
1377184747
2016331165
2180410052
1553732477
585926208
4568822920
2688186139
1540996988
3195904230
3163694510
3539382703
2942067116
1737631020
2017220166
2103460406
1766108524
1559260250
3441055803
4369158334
4735761781
5813832517
3961475651
327388676
4735310784
3630622339
2958342296
8231933
1542416211
3119582087
3220314549
1966435654
2227441052
6272286738
143616807
5532621860
4152505739
5680262318
1485638125
2180558720
1073480426
5496729376
2306971584
3318791893
2095414124
3856223768
6029990862
49621495
1524024789
2265103277
2062667225
5398908071
5575940760
5853857862
3853471007
1216610263
2237542058
3863831331
2216107184
3105365574
2045030527
6534201314
1732700662
2039532165
552763696
1423705550
524526389
1705763547
1678677064
7958059504
3559582332
2159336022
1355658561
3231830771
2291118860
6950237193
3183665900
3961479491
4839145328
405097434
3277768222
3016639970
1723198438
3320838293
1792527845
2059314623
1738025643
2230137422
5638725390
2905705687
4043332526
3616657042
2233034957
4128902374
246054132
2082868447
1596925360
4735988004
2211044787
2980252218
1527781930
196026651
3951274242
1592329221
1379156605
3182839244
2002127838
1702181743
1412838473
6504157926
2327057199
2892923784
2892840238
714128623
503510635
2125455631
1418297473
1420499901
2370790334
1704287651
1915349808
1811362082
4369261808
3114252756
3626578427
4089277037
2116872310
3062122833
3059821910
1347018608
3221618773
8003832717
2462149303
2101611033
2263645105
4551619133
2282621641
3625244736
2027291157
934760950
2871875433
3906560251
2001210986
1974405116
1736144649
4037357476
1268439587
1427473379
6344712859
1368312273
4016059776
5770662954
6043179374
1474513284
3618839403
3164767909
1552985621
3310153576
2977549454
1434786708
2040620790
3716552845
3269891924
1629989106
2269063025
1275224268
7311486689
1772477169
5315358108
1282242239
2288122871
1579708204
1190067058
4777852938
2092646922
2324635910
3926037826
2952337837
1412862626
1558141638
1222769194
5983666317
2165827302
5928125190
1625562885
1355755260
1153319118
8092436440
1901551330
2012741479
3154303676
4030634548
2245794433
2989252165
2280151454
8303456049
1682122657
2089634278
2633772947
3109348662
5669530380
1328313790
1801374046
1051794225
6246370838
3956139503
2325201979
1250495502
2262693393
3594380546
1069962731
1135534030
2200875236
5371440666
5625272983
1445890106
1469191299
5692953942
379146122
40063280
1779348778
3515918033
2160755515
1923314959
2110825905
1915723605
499716670
329359621
4461203371
4898930412
2253256863
5320010842
8140339648
2180500524
3457108921
8473813895
1696594659
19194108
1397414995
4576971596
4196736248
3272452274
3056273511
4555135378
1957006977
5932309302
5392246553
2815450
1305375485
3268747182
2973591803
1553616160
2010717457
8002468360
3053742810
5449541
3991927582
3182769660
2235311952
6638539442
571249580
1127248543
2278432021
9390498885
174408289
2131009
993128282
1918443655
4304651099
5387506560
4274001029
8172374604
3283672464
5781893671
1395681917
991884330
1377184241
2093726762
1529130778
3189722023
1411694951
1684690272
2600439766
5892540223
1822231583
2725988679
1470341379
3243424585
3952883935
1837932117
4608301204
3504374573
2272113343
6848636715
4204745337
1332392683
491372553
3496047309
7631149555
1562153102
4586226550
212914343
3116242562
3152127303
565849775
4455384114
1708655017
2878399703
1499761088
7421180815
2301612572
1749465870
3125871023
2942576497
1922115878
2253185230
2001064805
6312426008
4716765200
2209387943
2136037831
3131329710
2958627130
2184367978
1952140044
2259117701
1438867303
1106795805
2104471035
3082115992
2860496920
3455982615
292565250
1653258116
3004947653
524815369
1963812353
3507705862
2908233424
5346556944
2707504517
2259912300
3571933145
5765175663
1825151247
1584170356
2116311785
1732028625
1756921247
2301317827
3675010278
2660891808
2759762786
1692227857
2068158121
5799922596
2218949987
2717923591
1686018466
1376826134
2281241920
3048869042
2110557142
1717979581
2347034449
3182242371
1729863474
7216214780
3905515634
1224054256
1678142693
3796169206
1832574399
1750508055
5631546491
636513902
2267747406
1499407348
3548644532
2268277687
2976185939
3116158157
3231832321
3152033588
2335280093
1610745068
1529053165
1639271695
261610913
2098150841
5599046280
3450653364
2101334583
2307918203
1278168427
1550266073
13021088
2870438183
293239381
2972900644
1738293563
1516374085
2037530714
2014730473
1543384524
3075231649
7438191188
1832882900
1176819973
291278298
3114336876
1751390408
3924452071
1658786074
1944319925
2957462435
2018370619
5467197428
1637554277
4865290926
1055768968
1535280090
4292503550
1658910544
1307431762
2250802781
1228467688
5635341829
3017446454
2871939192
3231368324
823220171
1001096542
5917530667
2279210446
2069291132
1432418281
1454286681
2247240099
2015157855
1964870974
8192180761
1910694658
5467814096
2239285045
4093650884
3472518877
3899450940
2936907596
1732928406
3096971680
1657053764
45173075
1246940105
3656279116
4237026233
1746524599
1653224145
1159286009
1483918031
2255763484
1792867495
1904888830
3140792962
3114451101
4638598882
1100879091
2294973405
1958727805
622361272
2319728894
264332687
6058814713
565415837
1305444731
398704373
1103484700
1813855908
2729817
1561152289
3032900969
1284223100
3081883422
2058400305
561895062
1552921671
2201324299
1351326230
1715872918
2896513077
3229888
1619185459
5852453086
4985954097
1558086531
267739895
1065419658
4619242203
1052521478
1406939752
1117836198
1420053704
1463298515
762727898
1910907367
1753133397
646823405
1637815988
451680195
1963204775
1463067098
1649964280
1525561132
4978796817
950984692
573999530
12761108
3235209461
1775783
602484586
4664672061
1016934881
7298261132
1539144115
1141381068
3143803090
1494931896
2018970597
1778538847
207021215
1215823815
1444880042
1561186189
230841235
1621869650
1467960833
797344989
1451898658
2731931832
704111925
1207751214
4176441314
1732191428
855923
2094059670
2436298208
6867331630
3254300110
1943428480
582462364
1587262083
5172174220
6810759968
1445723619
3003049690
1123158667
2519084855
2932250264
1647279110
1903356866
2119975718
2373304369
2262914671
2012689720
1837578329
2157626876
1369239811
4039066711
1996685980
1125624610
6068298093
10324503
1513165611
3141535909
2083492750
1743030903
3321267007
1732536600
4782621803
1413342130
6768643806
3695001825
5372648431
17021069
1743134269
2137623085
1559393802
3131625061
2539217316
2277337113
1722781880
1578717004
1743315119
2245036437
3026785833
2028539869
2957173288
1412866908
1928005154
1692452531
1598511177
3099060256
6686460353
1793357957
2866051175
3800127283
3014466343
1452308416
3054460031
2948885484
1575605520
2312382003
2235901556
1728232101
1521011959
1933477753
401842679
2272033514
4359891998
4475701104
2121616422
2096959191
1816724450
4561865031
1524857384
5496950609
4079586562
1633559346
2620686585
1914030940
1309299598
1052609882
2936834884
1760984238
4487867128
2250901981
1730019329
1522855838
3598355369
2262900705
665872155
2000093523
3148143148
1189311574
3462054888
2315582663
472962675
1325296081
2934620877
1496886777
1361914029
3251384654
2460617330
3280001884
3182935335
5835730282
1669781884
993115456
3039751574
1442121638
398761163
1992901944
1685495243
3900981326
2344412298
1797314777
2120115268
3442745307
1100530892
1740882372
1425999535
4565594430
259300638
3026678032
2157792121
2245825169
4039140964
3319252554
2148803134
3141014262
1439827336
1778683023
7902782445
1429546525
3461014394
7804405121
1514664030
2138464578
1714827437
572539171
348739739
3162769662
1384764984
1667679863
3141506141
3901047187
2929721152
2206077839
1488051785
2076815403
2110807314
1609992685
18465183
4173436691
3560089886
2208120989
1435895278
1486586047
1247098251
1649411514
1344905386
1759876240
4081883502
2222829892
1292968870
1420755353
2916637
4035085272
4449614742
1062570366
1453021238
349444441
8670000836
1203666856
1688681032
6817741402
2300811132
1969359148
1337895442
3553028910
2067342872
1005221179
3465498986
4587043672
2204423660
334524790
1398063453
3214128951
1939715197
1291154483
