2158629677
525803280
1510153135
549736334
3930768
1596508563
1356910341
5210311
1139362075
1272721791
5887955186
349720083
2325215105
1258797559
1482508302
2066115766
1938019090
1697715403
1640575413
1150496201
6691182
3684634302
1115519999
1633832613
1444574412
1441836599
1559217947
2207870202
1634947783
1176819973
1618876612
1199621090
1220627646
1607390841
1511550562
423881613
1287668328
2203694773
2137274484
1295099100
3507705862
1419352761
1535558968
2218750746
1296412728
424410490
1373700935
1183996186
1753886220
1361833307
1086307703
1518384026
789647880
1539277474
5833454611
1197875270
1049794
1518183792
2234870972
1426119707
363033693
1445488379
545088983
1280420285
5331775892
1056288053
1333806078
10454709056
2362681626
1462563318
2310830408
1332036223
1571318142
914497122
1481955398
2295976164
3556681817
1477818609
4242801726
7000092273
565849775
1411070984
1535258897
3720200537
1975374850
2134508881
3161181030
2018970597
611086438
1263532034
1242600705
3184037021
573902330
1831344942
1603516347
460845315
1463167222
809506480
1527832960
3317080160
1716141225
858354662
1553440534
1279303010
179760322
1938994035
1704495430
1437603918
3601560016
1923314959
642134943
4587043672
623930292
513931611
1589089495
572539171
352946543
512755806
351941385
766155114
2225769254
1136819437
563165346
3054083157
2339680089
670230115
1692605067
1766432232
2087505141
2294505468
1724561247
1744275738
4369158334
2800603
2262277653
8239769721
3624428912
4978643735
1725522739
1625637127
588689297
7469230114
5496950609
1253412812
2620686585
5532621860
1030044077
1392847160
2048351710
3175810927
6651890959
6641350810
5346556944
2707504517
6029990862
49621495
2094059670
587017820
4840096869
3559582332
1734404869
3117545265
3116515781
2265410137
2436298208
1366350545
1717979581
1284754841
1733373697
1284661013
3182839244
2068897392
2057888640
1117695622
2082758727
4717471925
4050180245
4038886
2098634450
3280001884
4019795634
561196835
2629665373
1767833988
591450015
1545415322
672716255
1503836740
5372648431
1550759865
2117308335
1268439587
1691518189
2980679350
3214128951
1523753372
4470459014
3073159603
1425092917
1455204354
500693925
3029022312
3900981326
549206769
1670619500
672348351
5724427619
902555615
1785133662
1004783389
2015107628
1692885184
1609079228
1398873450
8232883863
736307927
3054405085
1949833951
3119656399
8180409841
1525933325
2065643313
1456792968
3915137869
4765027010
4270767453
1482642259
1445890106
511287115
1809958466
495790272
1423321807
1637554277
12547394
5321333841
5932309302
327599476
4035085272
1620046046
1421051741
1964870974
2254930273
2243334743
7145638071
1449141370
1339910258
2725988679
1665530802
1445723619
1417310606
1550696704
2355116764
3096971680
3656279116
428374359
1202918449
1653224145
4020871277
864832008
2289397251
3622216901
2866051175
4455384114
1670791888
561374912
5675972727
3956961246
4077355427
3098690921
1683892937
349362900
3187067884
1106795805
1526916087
1679389852
7435796332
1957969905
6207281102
3486501009
2934050560
619021558
1978487319
1061615845
2366862217
2229086225
2180558720
1052609882
2070523475
8240313956
1345111752
2144262133
1653126294
613616883
6950342264
3051387550
2096469019
1597139782
535808626
8218494
781265859
1612341078
3141535909
6004572875
3016639970
2717923591
1275109845
1723198438
1517032214
4690422928
222080214
1830437779
1935715555
1279410385
1804529269
1489545029
2134194677
1450189107
1481600654
1649751237
636513902
1373741103
1540181618
2237814671
6106722890
11256237
3313583522
2082160528
706721734
2074552884
900452
1492598406
1448105142
3695001825
4809514640
5626122304
2204942155
2903948719
3611524106
361817011
1629989106
2010351445
2802810632
1516374085
1795810747
6252651978
1536290410
10663800726
1494830021
411298860
781227918
1428344792
2096928937
2200875236
1702450422
408573990
1424853483
2245036437
2283873506
4068614425
1090194257
2309420715
1912069245
2332387186
1535280090
995699516
562954335
1069712478
1632308956
1534286528
1131199
5917530667
1116789892
1634911984
1576662101
5669716812
2229870103
288631059
7312576157
1405220743
1347577453
1451898658
1253799063
1425863499
3504374573
5061662007
3314780533
1300880529
4237026233
925539930
1382776663
1381722485
1148309021
1797705012
539579334
1508253621
1751922815
1538784786
1152290909
3148547856
1060644185
1418392240
3190028915
1574671175
1228607422
4649689945
1447897448
454671749
2345197228
1425974118
2098150841
1722953735
2239180925
2294653698
1003147569
1088649058
2069291132
387693406
595523978
492097675
533812508
3318733856
3322465961
1701489981
1732403224
2218498127
1296522715
1403611751
1419517038
3567318515
2030109886
1291450019
508659804
2296429492
472962675
1039820569
1787897605
550019619
1705832034
4516478996
1793330959
646810281
1041542187
606283065
750772918
1989074751
802634084
3161566999
3038496684
3021748476
7228951459
1591812899
5501866713
1745087351
3472501985
1177125735
1726106259
5557701483
2194388358
2238191633
1519964601
4245161397
1345443809
2735183412
1538584909
2314786474
253841950
1587262083
1362834593
1514664030
1419947315
4359891998
1645870206
4922212896
1535582978
1960425011
1571296506
1939715197
1542822424
1583664401
2298297047
4200678886
1601711518
1587290574
1327608187
1792795128
599542476
1691464476
1994044922
634390128
1380455386
