626989581
3400296922
1929004811
2960220951
5512928006
2219884752
812312447
2690830712
1486606509
1345443809
759577000
1566339569
905682329
3251890634
1542458076
2092978149
1925381040
2121777303
1075668097
810225735
1493686252
1801075129
3082053909
982055226
3990091360
2866654965
1555699936
3649952408
1568020179
1773734511
1948700168
2277146554
1574738123
3749545880
461138792
1935167770
3222041085
1053718198
1287983613
3054482958
5006317132
1603864230
1414429780
1373072602
2285396283
628391
4244855855
1395505970
1758195136
2073214750
5388854008
1223157975
4584326903
4518198513
1453652844
1186057393
1498208375
5822888874
1389667062
1781540755
2148450824
3060071119
2007723553
5622060887
1524714048
1449141370
1647837206
1542457244
3116242562
3800127283
3016493006
3545584507
1535232264
299592655
3164493475
1992809011
1346485689
1903356866
3116189029
1499761088
1473753924
2253265480
1487911774
1922115878
1728232101
1521011959
2560366945
2012689720
2272033514
1438867303
3195851613
1441373370
1390678103
1810985179
1996685980
10324503
2747306858
2262900705
1464487231
1337895442
2201324299
3190761272
2315582663
6978649114
2545647662
2281822097
1325296081
1488051785
3182242371
2120705203
2158606110
1566480796
2247892943
1466352184
3193518543
1347058841
2335280093
1910907367
1714602274
4134242036
2095052310
3306301260
1461821986
2335447508
1666218225
2957867894
6728902770
3926037826
3131625061
1495272486
5468515426
998813924
1738293563
1524603147
1622181388
2027088594
1061302123
1457589290
10663800726
1740882372
2121147954
1801374046
3234363074
1176819973
3901989514
2254492495
2157792121
1525745347
3265056811
3319252554
2180500524
2126012172
1397414995
4555135378
522718403
1417649965
5449541
1437632370
1582037720
994999536
2254023349
3141969275
3096971680
1408467523
1792755071
2068916050
1653912365
264332687
1470267045
422830540
3126635093
1770836022
2121733489
1591403231
1467159942
1420053704
762727898
2193117738
1332084779
483128082
1206729775
504803384
1452308416
1575605520
1573353675
2119975718
1091258904
2089906400
1435819646
3405606
1522771941
1552921671
1189311574
2759762786
842398357
2993198200
4782621803
256086839
6197546524
2080904486
1698892283
282811100
3114252756
3280001884
4980873759
1743134269
4292020971
2247432910
2200875236
1445890106
1974475531
1928005154
1510110491
499716670
1658910544
366697977
3571933145
337519973
1096075431
2165333436
7631149555
