2828860172
689043128
2250764776
1373300218
3056981514
3717017292
1816724450
255537526
1968601911
347413582
4162940287
2215841951
1583210481
1620196126
1088681441
1556935853
1837310042
3315288972
2017431459
7150127512
1946842957
4923162569
2285558502
3262305638
1627587627
1620280153
2193165354
1224206733
2293139513
1834828493
201658816
3252976000
5433684692
1602582955
525314304
1542517632
4612094918
1924719360
1413310386
2225207662
13197555
4360420226
1355755260
2061272588
5756147628
3251296449
352941336
434247896
2971723557
1275610242
2315074431
3763763466
3906248443
7994617676
4174728577
2000765706
3118014941
2126012172
630968633
1508216721
3566815481
6783317102
1801209612
6149021831
3685614769
3116242562
2960343232
3800127283
3014466343
3152127303
1452308416
1319022040
2136338806
3513590990
3545584507
8098603469
1535232264
1792867495
1475662837
1992809011
1647279110
1573353675
2224048574
2878399703
1499761088
2010457990
1225227045
3580945426
2102506908
1732191428
2066648497
3021203237
1641318164
5845135353
1628158047
4612048666
464681039
2301612572
2119975718
2208806460
1728575253
3859555466
1908489726
3252685067
2339680089
1922115878
3414376584
217825699
2001064805
1501947397
1521011959
2136037831
3131329710
3184052251
1933477753
2958627130
1263127109
401842679
2805220097
2272033514
3435541348
4568822920
1701572733
2208309649
1718567767
8193319
2036071377
2184367978
1929035737
1952140044
3008069847
2275026411
2259117701
1805368032
6034536532
1799273983
3195851613
2874205025
3082115992
7504112439
1691085957
1766108524
4654899582
1559260250
2139461567
2121616422
4369158334
2096959191
2800603
2082221960
2160052252
4196991238
1479252648
3455982615
1641937583
5735955727
4561865031
3552679932
3405606
2263558853
1384652634
664241232
2298587155
523121695
1273037094
547467689
1625637127
1364703986
1384764984
3017797545
5496950609
7626190491
3174773331
2112215946
2142152983
556915907
4368703666
1510621146
1667679863
4079586562
4192301021
3174440007
524815369
2366862217
5864191288
2620686585
2389803512
143616807
1724226645
5532621860
2976770122
1168303506
4152505739
1485638125
1392847160
3254170673
6651890959
6641350810
1760984238
5496729376
2707504517
1833562763
2095414124
4487867128
1362576813
1833227180
1730019329
6742026737
506010324
1524024789
1495017208
4034292434
1469495549
993160076
3571933145
1561171151
5853857862
1781194692
3685194862
3492432256
5644256952
1732028625
1756921247
2094059670
2253179281
4208731818
2262900705
6534201314
1732700662
5883436673
1337895442
3130240990
561895062
2933751987
4607397581
470698598
1391745139
1705763547
2279729712
1189311574
3574929860
2967579711
795049026
2038216293
571993081
2291118860
3462054888
5818027884
2315582663
1867488
1203223039
1612341078
4839145328
1920695489
3130984216
3277768222
1034048573
3320838293
1792527845
1686018466
1746549302
1192151448
2218767479
3290159132
1743030903
6044360522
5881284691
2110557142
25859706
691188466
936690980
1527781930
2347034449
1798041584
366489568
3182242371
1592329221
4499054505
5356884981
5811989179
8417753744
2231503540
5916889363
1729863474
5250387665
7675498928
2158606110
2937983651
1224054256
1722256431
1678142693
5322023742
1330243417
3796169206
1512820136
2243379596
1627103
3048827906
3257179992
1474544086
1488485370
4050180245
2459154121
1704287651
1525240474
1359385008
4195118836
3114252756
983386655
1331072383
5453712628
44541542
4063651848
2208120989
2116872310
3062122833
1805139592
3083272582
1196162748
1438573073
2309388661
2952243821
2268277687
5385263684
561196835
2462149303
2109440055
2263645105
2976185939
1816767541
3509465348
2006555796
3152254780
1468866287
1609982819
2001210986
3039751574
602789449
2065647654
3666448433
3333546
3152033588
2228299619
5990749
585708725
1123256841
1747515374
4016059776
4121386115
381476
3700331812
3450653364
1714602274
5509577205
1268271083
1552985621
1966811462
2307918203
2286998131
1434786708
3029022312
1911384609
5747218748
3900981326
2107846941
3476109749
4330764576
2147504193
6886617340
1690137676
1686335300
1598511177
3110977860
7807593747
855345351
3232934527
2957867894
2288122871
3918311604
6728902770
1029317
1222769194
13021088
2870438183
1999891177
2178736664
2165827302
2165080339
1096075431
1398873450
1901551330
4071714251
2212548328
1525561132
1543384524
580701835
3075231649
2459409805
2989252165
2280151454
8303456049
2623113103
1953130543
1501633566
3177936997
3127278959
2162462102
475568113
2016223604
7018001225
2247432910
1740882372
399007633
4316119913
1735616332
1657617517
1401340202
2166849804
1602941482
5654865458
3234363074
2097037139
3254147976
3555704277
2200875236
1423793056
1425999535
3114336876
1482642259
562865593
3084265356
7762108835
1698828653
1445890106
3924452071
1779348778
1600188917
3515918033
2160755515
2200791792
4869581533
15199748328
2129549581
1915723605
2254492495
5849363807
1279113761
2063536352
2101043981
2957173288
1944319925
1928005154
2158702666
1828727930
4461203371
2157792121
1525745347
1637554277
1412403009
4898930412
2245825169
2253256863
5320010842
4039140964
1394082193
7988032109
3062814758
3319252554
463508840
8473813895
1696594659
19194108
1064312124
2257130845
849001
1778538847
995699516
2148803134
4196736248
3141014262
3272452274
3056273511
4080379289
2275779957
4292503550
1262989237
2076737150
2815450
3268747182
1823850171
234788544
2973591803
331848998
522718403
1658910544
4943168537
4772609810
1443290199
2010717457
1417649965
3306815721
2250802781
1228467688
5635341829
3053742810
2318720273
1608205270
5365195858
217848473
3017446454
2871939192
3231368324
6638539442
426149361
2320599382
1778683023
1127248543
1451155250
3054484113
4035085272
7902782445
3182369638
1602235086
1918443655
4067634637
3452121772
7525134990
1942299214
1910580592
4241093477
3168219464
5583107928
2228765014
1056202
7850648938
1527085600
2280011279
1223761252
2145302456
349393194
2279210446
2069291132
271462
5781893671
1432418281
3465498986
1396930128
1395681917
5916657489
10761377
5449117643
1493591628
1541272946
1521973943
3461014394
3452716581
1387358674
1392249199
3318738359
2106975294
3124294188
1508815402
3189722023
1965458314
2026959242
4359892425
1910694658
1412663705
2939384992
7804405121
1536200399
4819244414
7154885814
4857558906
3274491595
1389255222
3312591448
3650422021
48697837
1691905272
2952245011
3296072232
2138464578
1147306207
3138047214
1339910258
4007546966
1414277087
4648963248
5801057349
2002145739
5570700622
1489393710
3952883935
1417310606
1963309241
2693608869
3899450940
4213993102
1425863499
104906525
2338788104
1511921547
4608301204
2272113343
1732928406
4204745337
2098716254
7472073231
1942620905
4164284436
3496047309
6063595569
7279859538
1562153102
5317803821
6106411464
7145827080
1138067742
1569756714
1494358591
1653224145
3873316668
1676490715
5333509338
1430932390
349763271
16636897
1484323284
2907673054
332325745
4673516007
5394653268
1835810925
1574671175
1982224046
2261215463
1518869213
3253838070
5724427619
1005221179
1595793170
1262606063
1469191299
3267511743
1726763304
230979719
240848065
366042761
2126489928
4028860108
1974750275
1141549585
1485459432
3735886034
1464275020
3228599
4617285960
5701822302
1371181660
1385414682
1011750270
1248235852
2808201135
230416752
1744985570
1728232101
3521778886
1441373370
4332985905
5862850793
1995532542
2012981959
5904108835
382751679
2253090000
1910142333
1157965939
3277973871
1669781884
1609079228
4338287270
1536290410
2184668147
2298505487
3149898289
3122662173
3035009853
5912846581
1992609733
2932250264
2378633830
2201923531
1925625849
2682182
3027758398
2367215206
1613136027
1939668072
5620610542
1632308956
1108491713
3078672390
2083492750
7213146514
6043179374
929833326
