2155387098
1766432232
987569160
262718822
1420173131
2061608253
30319790
1903377619
675966529
4094350196
3053847909
635923305
1964482368
1533079837
21384333
1551730420
3412286711
1580951331
2157725473
4778480873
1436975865
3501391622
1477736916
4782978517
2297182448
2240408246
277674792
1543440060
3550975851
2057468738
291001682
2860713589
2539217316
3189079696
2232858506
267393736
3110844500
2480158463
1539144115
1242924223
1821564396
1348197677
1836642874
4065482175
1540180217
2310739456
6266824770
1835824365
3978025780
2165755806
2240835057
1575605520
2312382003
4460484578
2339680089
1553732477
1553659784
1812216483
3082115992
1691085957
1737631020
1591669116
1440089004
7469230114
2366862217
1203694181
2259912300
3571933145
2115098008
563948621
2218949987
1723198438
2243379596
4369261808
1478841501
2069849735
1540181618
4324289253
3926037826
1361106460
1258215576
1153319118
2014730473
4286496572
1600902272
1478648778
772688922
2290271879
3321755410
3504184985
1732250
1964870974
2091641889
1140314564
1445723619
1509750839
334212990
7968557728
1263127109
2389803512
1327342564
6950237193
2137030124
5795821480
3116630306
1670736993
1115148866
1214986877
1435895278
1497436031
7013782429
2933483414
3286517765
2234540039
573999530
7623003494
1469848196
1776089208
426149361
1576590766
35490406
6988262706
1338807295
2074772884
1402530490
4834309
1955309168
2070523475
1763262055
2095414124
4052985018
1927733207
1736517135
1509294661
1355658561
4282021905
292579829
246054132
1424879108
1647030025
1930940955
1626472076
1737562075
173589713
1613136027
1130661693
2033451471
561196835
2230091834
4414796
5760897082
2015545912
1528778836
4914294123
1244988
379016
1702450422
1367663503
2257130845
1062570366
8433860190
2600439766
2077670865
2059631883
1484459558
3835120827
5465043500
1373231194
1565586620
3251359794
6950342264
1798041584
1918940257
6024406673
3527792941
4031038932
4377521387
964103888
2941994153
5917530667
2252952609
1534350412
3017797545
3187722101
1369239811
623522051
