2327057199
2038471134
2677939779
1593223585
5395269344
2070523354
994850681
3016965959
2088304903
1426299400
1569373724
1437914270
376347378
296061354
2108520503
2866051175
2996698211
1350160623
2265009120
3152127303
1708655017
4711925921
2136338806
4735792070
3545584507
299592655
2039559244
3113681404
4204446096
3164493475
3958572775
2247778982
1281238401
2312382003
1521964144
4735769041
1499761088
2235901556
417911373
348739739
4679514779
2267847255
1732191428
1687870663
1497847141
5845135353
1760482800
2029601068
1587334735
2119975718
3140792962
3859555466
3252685067
45787912
2942576497
4460484578
2253185230
3414376584
2001064805
1728232101
7443158516
2016331165
2262914671
4716765200
1521011959
2180410052
2560366945
3153723459
3131329710
18966030
1091258904
485384345
2688186139
1156109939
2026135357
6470337631
2036071377
1540996988
1440790632
2501907117
1110209857
1656852412
1683892937
3195904230
3163694510
2089906400
1744275738
268937597
1478797127
8065951049
1438867303
1402530490
1594686448
1693751230
381119909
1106795805
6488458929
2104471035
799000422
3866100144
1441373370
2942067116
2320117901
4475701104
1737631020
1679389852
2017220166
2103460406
1559260250
2121616422
1544427991
2946412838
1401129939
2800603
1188016732
2082221960
2117097565
1479252648
3455982615
3961475651
474295481
2055067481
2918783733
1455393947
3405606
2263558853
1730185351
588689297
1369239811
1538319155
3004947653
1978487319
1060739179
543961410
5496950609
2752232
33004667
2112215946
8231933
3220314549
582954978
1966435654
524815369
628768424
5005477168
2229086225
2059702457
5680262318
1485638125
2180558720
623522051
1073480426
1457168000
2908233424
2073362414
2306971584
1459040615
1730019329
4052985018
2204423660
49621495
6666691339
1495017208
4989420470
2265103277
1603837417
1469495549
1565689059
993160076
2062667225
5398908071
3571933145
5765175663
1773553051
14389252
5575940760
481905588
1522855838
432815657
1916736682
1781194692
3853471007
1110634732
2116311785
2094059670
1502303842
3863831331
1430572664
2241931037
2045030527
4208731818
476034147
6534201314
2301317827
1732700662
448107
2039532165
3130240990
1108746383
2933751987
1552921671
3119020650
578491245
1951846073
1941293795
371120817
1246291991
1678677064
1808024592
2860552700
1012959532
3559582332
2967579711
1692227857
2244310921
2159336022
5747210803
1355658561
1637907
2291118860
3160422963
1248351319
563948621
1867488
407493267
3076042281
2218949987
3961479491
5473299583
969622888
14919696
1646609919
3141535909
3066495390
6004572875
5669080529
2206077839
1422651373
1723198438
1375734643
2896513077
2206979716
5530868929
1516403720
2083492750
2083265399
1376826134
3635084753
1738025643
2230137422
4786507118
2905705687
3616657042
2545647662
1743030903
2436298208
793120
1485353648
142422
2110557142
1136906400
4735988004
5315504419
1717979581
1537335261
3196728043
1488051785
1622353357
196026651
2347034449
2209953727
4499054505
5075395
2068897392
1729863474
460932615
476310463
1361904122
7216214780
6504157926
1360036707
270440199
1957041224
3905515634
1608521866
26069997
300497553
1722256431
1080257283
4578407648
1804529269
1117418768
514898034
1573368382
3152448626
1496886777
1450139100
1393389869
1361914029
7887821
496758775
503510635
950901355
1750508055
1488485370
1976571122
4050180245
7943474038
3138045154
1150666222
1704287651
3560089886
1915349808
4707128015
2238069187
636513902
1811362082
637074315
2267747406
1458715792
1683315943
5542331691
1478841501
3114252756
777312127
606014533
2237020989
1346943947
4089277037
1422397227
1835044602
3595440455
1546931
3280001884
3158358070
6033400353
1362517308
3182935335
5759173438
1236296211
1251065855
30417300
2082160528
1769815608
4036712427
51531503
2462149303
1435895278
2261215463
3040441877
1138435822
1911035334
2027291157
223966848
1518869213
1944200486
2957844489
1503836740
2043717725
4116931488
4160527685
1189056756
3039751574
2267508019
602789449
3019567679
464991023
217404969
1974405116
3333546
4037357476
1553657281
1268439587
1427473379
2015545912
1811548503
1540005542
1123256841
1117258699
6344712859
1368312273
261610913
4016059776
4036913293
2315381439
5770662954
3450653364
3431687363
6043179374
2663883476
1434881158
1378442807
2977549454
4359778812
1943428480
2040620790
822713212
490058330
1236249350
1525994807
2273815866
1629989106
2269063025
2158802684
1614105295
1097169108
2279880348
672348351
3185373322
5315358108
1213162370
2288122871
2137623085
3918311604
622507812
3424662079
1190067058
4777852938
2092646922
1222769194
5983666317
1136934192
11855596
3405786275
1364898080
2165827302
1258215576
359472180
1563687131
1577778660
1738293563
1516374085
2256061757
3104815240
1525561132
1384491614
2245794433
199865302
2989252165
2196712327
573999530
1920440302
1933483060
772688922
1832882900
2949337915
3127278959
1287772992
2201923531
2871296155
2142808681
1907222619
2247432910
2651593
3212090621
1390459044
28739053
1801374046
4677159355
179866821
1512087757
6246370838
547970380
2166849804
2325201979
5570854719
1479433973
253841950
2046104582
3254147976
4735675686
1587262083
2200875236
1515717743
3155489
2212541981
352330403
5625272983
1616854970
591181505
576081283
1728678765
1445890106
1469191299
2920848392
5692953942
7035942030
40063280
3133678455
1600188917
3057764729
3515918033
788498546
1923314959
2200767892
2110825905
2129549581
1915723605
2028539869
4068614425
1510110491
1828727930
499716670
4461203371
1247161256
1553410673
1525745347
2253256863
5320010842
4039140964
4865290926
4792639938
6680102026
7988032109
1420755353
463508840
1692452531
8140339648
2180500524
2126012172
1055768968
8473813895
580284793
1076507862
4208486982
1778538847
1397414995
4576971596
4515202573
5321333841
2983814995
250948703
1957006977
4292503550
1182952495
271228807
2076737150
1305375485
2144461776
3268747182
8495671345
3742568141
178551576
1553616160
1443290199
1417649965
1069712478
1307431762
8002468360
3129900800
5635341829
3451653392
1439827336
5449541
3991927582
197439338
3182769660
5365195858
1052381663
3017446454
571249580
1545422547
2916637
672353852
2278432021
2045110704
7063220
4035085272
2131009
1194790010
231972584
7902782445
1918443655
7525134990
1910580592
1620046046
1001096542
4241093477
3168219464
1163821014
1192818071
9283972244
349393194
8172374604
1141549585
3400643095
2273047697
1116789892
3283672464
5781893671
1432418281
5629109657
1395681917
5449117643
2081264351
4188565892
1521973943
1377184241
2093726762
2247240099
2015157855
1964870974
1411694951
1684690272
1965458314
8192180761
578375041
1360965830
1062570366
7288876162
5467814096
1469976804
1588830139
2239285045
3650422021
5396388105
8433860190
2600439766
2940820929
2952245011
3924358554
7312576157
1769871877
5892540223
308837781
1696711367
1347678708
2138464578
657366728
2537407145
3007257735
668195551
1453021238
1096692428
349444441
1140314564
1470341379
3952883935
1451898658
2693608869
3899450940
1484459558
2936907596
2338788104
6311278049
8123304146
3314780533
1279174872
3096971680
2929666054
45173075
357043550
271654400
444936968
1332392683
3162169347
4237026233
5553078762
1004064532
250582007
1951172635
491372553
1688681032
3496047309
1337529644
7279859538
4253245432
7631149555
4586226550
1251050607
732835527
290529675
405091478
911425174
1735589799
226096
1356408432
2225064647
1423741268
2229295662
2229870103
